0.777142857	0;1;violin
0.973877551	0;1;violin
1.175510204	0;1;violin
1.562448980	1;1;violin
2.350204082	0;1;violin
2.550204082	0;1;violin
2.748571429	0;1;violin
6.245079365	1;1;violin
7.034920635	0;1;violin
7.217777778	0;1;violin
7.408253968	0;1;violin
7.799365079	1;1;violin
8.586666667	0;1;violin
8.784761905	0;1;violin
8.993015873	0;1;violin
49.893877551	1;1;violin
50.664489796	0;1;violin
50.873469388	0;1;violin
51.077437642	0;1;violin
51.451632653	1;1;violin
52.231836735	0;1;violin
52.414693878	0;1;violin
52.604081633	0;1;violin
62.344489796	0;1;violin
62.749387755	0;1;violin
63.134693878	0;1;violin
63.536326531	0;1;violin
63.931428571	0;1;violin
64.326530612	0;1;violin
64.695510204	0;1;violin
64.888163265	0;1;violin
65.090612245	0;1;violin