0.802176871	0;1;violin
1.000272109	0;1;violin
1.186394558	0;1;violin
1.583673469	1;1;violin
2.359727891	0;1;violin
2.548027211	0;1;violin
2.753741497	0;1;violin
3.149206349	0;1;violin
3.550476190	0;1;violin
3.921269841	0;1;violin
4.327619048	0;1;violin
4.716190476	0;1;violin
5.109841270	0;1;violin
5.503492063	0;1;violin
5.681269841	0;1;violin
5.861587302	0;1;violin
6.260317460	1;1;violin
7.032380952	0;1;violin
7.227936508	0;1;violin
7.433650794	0;1;violin
7.791746032	1;1;violin
8.576507937	0;1;violin
8.787301587	0;1;violin
8.985396825	0;1;violin
9.353650794	0;1;violin
9.752380952	0;1;violin
10.156190476	0;1;violin
10.544761905	0;1;violin
10.961269841	0;1;violin
11.365079365	0;1;violin
11.718095238	0;1;violin
12.472653061	0;2;horn
13.257142857	0;2;horn
13.448163265	0;2;horn
13.651428571	0;2;horn
14.031020408	0;2;horn
14.813061224	0;2;horn
15.022857143	0;2;horn
15.200816327	0;2;horn
15.597551020	0;2;horn
16.000000000	0;2;horn
16.391836735	0;2;horn
16.789387755	0;2;horn
17.177142857	0;2;horn
17.567346939	0;2;horn
17.955102041	0;2;horn
18.143673469	0;2;horn
18.340408163	0;2;horn
24.964353741	1;0;bassoon
25.743673469	0;0;bassoon
26.122448980	0;0;bassoon
26.530249433	1;0;bassoon
27.293197279	0;0;bassoon
27.703310658	0;0;bassoon
28.090272109	0;0;bassoon
28.479274376	0;0;bassoon
28.865306122	0;0;bassoon
29.252789116	0;0;bassoon
29.646077098	0;0;bassoon
30.428299320	1;0;bassoon
31.207619048	1;0;bassoon
31.988390023	0;0;bassoon
32.378775510	0;0;bassoon
32.769160998	1;0;bassoon
33.536870748	0;0;bassoon
33.933061224	0;0;bassoon
34.329251701	0;0;bassoon
34.728344671	0;0;bassoon
35.127437642	0;0;bassoon
35.510204082	0;0;bassoon
35.882448980	0;0;bassoon