2.722993197	0;1;bass
3.624217687	0;1;bass
4.516734694	0;1;bass
5.404897959	0;0;horn
6.3191836729999995	0;0;horn
7.220408163	0;0;horn
8.117278912	0;0;horn
9.027210884	0;0;horn
9.945850340000002	0;0;horn
10.834013605	0;0;horn
12.061768707	0;1;clarinet
12.649523810000002	1;1;clarinet
13.838095238000001	0;1;clarinet
14.417142857	1;1;clarinet
15.627482993000001	0;1;clarinet
16.202176871	1;1;clarinet
17.138231293	1;1;clarinet
18.026394558	1;1;clarinet
19.824489796	0;0;horn
20.730068027	0;0;horn
21.644353741	0;0;flute
23.438095238	0;0;horn
24.343673469000002	0;0;horn
25.227482993000002	0;0;flute
27.918095238	0;1;flute
29.731428571000002	0;1;flute
30.605079365	0;1;bass
31.25015873	0;1;bass
31.834285714	0;1;bass
32.464126983999996	0;1;bass
33.297142857	0;2;violin
34.201269841	0;2;violin
35.095238095	0;2;violin
36.002993196999995	0;2;violin
36.90276644	0;1;flute
37.790929704999996	0;0;violin
38.713922902	0;0;violin
39.59047619	0;0;violin
40.501859409999994	0;1;flute
41.401632653	0;2;violin
42.32462585	0;2;violin
43.183764172	0;2;violin
44.10675737	0;1;flute
45.012335601	0;0;tuba
45.917913831999996	0;0;tuba
46.811882086	0;0;tuba
47.723265305999995	0;0;tuba
48.594013605	0;0;harp
49.517006802999994	0;0;harp
50.416780044999996	0;0;harp
51.322358277	0;1;flute
52.204716553	0;1;harp
53.08707483	0;1;harp
53.998458049999996	0;1;harp
54.898231292999995	0;1;flute
55.792199546	0;2;violin
56.697777777999995	0;2;violin
57.591746031999996	0;2;violin
58.526349206	0;1;flute
59.43047619	0;0;viola
60.314285714	0;0;viola
61.228571429	0;0;viola
62.996190475999995	0;1;flute
64.814603175	0;1;flute
66.62285714299999	0;1;flute
67.54730158699999	0;1;flute
68.451428571	1;1;flute
70.330793651	0;1;bassoon
72.078095238	0;1;bassoon
73.855873016	0;1;bassoon
75.582857143	0;0;cello
76.568253968	0;0;cello
77.491201814	0;0;cello
78.385011338	1;0;cello
79.249954649	0;0;cello
80.14038548799999	0;0;cello
81.11138322	0;0;cello
81.922358277	1;0;cello
82.826439909	0;0;cello
83.731791383	0;0;cello
84.61999999999999	1;0;cello
85.551791383	0;0;cello
86.42952380999999	0;0;cello
87.30705215399999	0;0;cello
88.17185941	0;0;cello
89.153741497	0;0;cello
90.04743764199999	0;1;oboe
90.883356009	0;1;clarinet
91.83537414999999	0;1;oboe
92.729342404	0;1;clarinet
93.65814059	0;1;oboe
94.528888889	0;1;clarinet
95.469297052	0;1;oboe
96.30521542	0;1;clarinet
100.879750567	0;0;violin
101.783673469	0;0;violin
102.62902494299999	0;0;violin
103.256689342	0;0;violin
103.86984127	0;0;violin
104.428571429	0;1;bass
105.016326531	0;1;bass
105.662857143	0;1;bass
109.80761904799999	0;1;horn
110.62031746	0;1;horn
111.595555556	0;1;horn
112.53015873	0;1;horn
113.454603175	0;1;horn
114.29566893399999	0;1;horn
115.222222222	0;1;horn
116.126349206	0;2;violin
117.091428571	1;2;violin
117.954920635	0;2;violin
118.879365079	1;2;violin
119.773333333	0;2;violin
120.657142857	1;2;violin
121.520634921	0;2;violin
122.49587301599999	1;2;violin
124.202539683	0;1;bassoon
125.064285714	0;1;bassoon
126.00600906999999	0;1;bassoon
126.91979591799999	0;1;bassoon
127.789909297	0;1;bassoon
128.650839002	0;1;bassoon
129.576507937	0;1;bassoon
132.34984127	0;2;oboe
134.16825396800002	0;2;oboe
135.011428571	0;1;bass
135.64126984100002	0;1;bass
136.271111111	0;1;bass
136.87047619	0;1;bass
137.71365079400002	0;1;bass
138.607619048	0;0;violin
139.53206349200002	0;0;violin
140.415873016	0;0;violin
141.32000000000002	0;0;flute
142.203809524	0;1;violin
143.11809523800002	0;1;violin
144.073015873	0;1;violin
144.91619047600003	0;1;flute
145.78984127	0;2;violin
146.714285714	0;2;violin
147.61841269800001	0;2;violin
148.512380952	0;2;flute
149.416507937	0;1;clarinet
150.30031746	0;1;clarinet
151.15365079400001	0;1;clarinet
152.057777778	0;1;clarinet
153.002539683	0;1;violin
153.876190476	0;1;violin
154.800634921	1;1;violin
155.704761905	1;1;violin
156.588571429	0;1;violin
157.523174603	0;1;violin
158.41829932000002	1;1;violin
159.28544217700002	0;1;violin
160.21523809500002	0;0;bass
161.109206349	0;0;bass
162.02349206300002	0;0;bass
162.897142857	0;0;bass
164.717006803	0;1;flute
166.510748299	0;1;flute
167.39020408200003	0;1;horn
168.313197279	0;1;horn
169.21877551	0;1;horn
170.11564625900002	0;1;horn
171.036394558	0;0;bassoon
171.612335601	0;0;bassoon
172.208956916	0;0;bassoon
172.811927438	0;0;bassoon
173.392471655	0;0;bassoon
174.03188208600002	0;0;bassoon
174.679818594	0;1;trumpet
175.48526077100001	0;1;trumpet
176.392290249	0;1;trumpet
177.292063492	0;1;trumpet
178.16485260800002	0;1;trumpet
179.06770975100002	0;1;trumpet
179.95990929700002	0;1;trumpet
180.91292517000002	0;1;trumpet
181.81269841300002	0;2;viola
182.722675737	0;2;viola
183.62675737	0;2;viola
184.52653061200002	0;1;clarinet
185.411791383	0;2;viola
186.340589569	0;2;viola
187.233106576	0;2;viola
188.10385487500002	0;1;clarinet
192.02367346900002	0;1;oboe
192.624489796	0;1;oboe
193.225306122	0;1;oboe
193.832222222	0;1;oboe
194.42693877600001	0;0;bassoon
195.006575964	0;0;bassoon
195.628571429	0;0;bassoon
196.19455782300003	0;1;horn
197.106643991	0;1;horn
198.016462585	0;1;horn
198.90900226800002	0;1;horn
199.813968254	0;2;trumpet
200.71954648500002	0;2;trumpet
201.613514739	0;2;trumpet
202.52371882100002	0;2;trumpet
203.452244898	0;1;violin
204.31428571400002	0;1;violin
205.241632653	0;1;violin
206.14285714300001	0;1;violin