3.084805197	0;1;violin
3.281539891	0;1;violin
3.4831725440000003	0;1;violin
3.8701113200000004	1;1;violin
4.657866422	0;1;violin
4.857866422	0;1;violin
5.056233768999999	0;1;violin
5.440542159	0;2;clarinet
5.846891365	0;2;clarinet
6.228932181	0;2;clarinet
6.630202023	0;2;clarinet
7.008614721	0;2;clarinet
7.385213359999999	0;2;clarinet
7.773784789	0;2;clarinet
7.981313134	0;2;clarinet
8.177458258000001	0;2;clarinet
8.552741705	1;1;violin
9.342582975000001	0;1;violin
9.525440118	0;1;violin
9.715916308	0;1;violin
10.107027419000001	1;1;violin
10.894329007	0;1;violin
11.092424245	0;1;violin
11.300678213	0;1;violin
11.693603383000001	0;0;englishhorn
12.075281388	0;0;englishhorn
12.491789324	0;0;englishhorn
12.8879798	0;0;englishhorn
13.263852816	0;0;englishhorn
13.649884562	0;0;englishhorn
14.035916308000001	0;0;englishhorn
14.218773451	0;0;englishhorn
14.415462794	0;0;englishhorn
14.792741705000001	1;1;flute
15.571335809	0;1;flute
15.780315401000001	0;1;flute
15.971880027000003	0;1;flute
16.376777986	1;1;flute
17.134329006999998	0;1;flute
17.336777985999998	0;1;flute
17.526165741	0;1;flute
17.891335809	0;0;horn
18.281539890999998	0;0;horn
18.679907238000002	0;0;horn
19.063580707	0;0;horn
19.468660072	0;0;horn
19.860496807	0;0;horn
20.250519483	0;0;horn
20.433376626	0;0;horn
20.640723564	0;0;horn
21.030836943	1;1;flute
21.805168009	0;1;flute
21.982945787000002	0;1;flute
22.211517215	0;1;flute
22.592469596	1;1;flute
23.379272317	0;1;flute
23.550292725	0;1;flute
23.771925379	0;1;flute
24.192469596	0;0;bassclarinet
24.570519483	0;0;bassclarinet
24.969249642	0;0;bassclarinet
25.35782107	0;0;bassclarinet
25.736233769000002	0;0;bassclarinet
26.131335809	0;0;bassclarinet
26.516641932	0;0;bassclarinet
27.28027005	1;1;bassoon
28.051902703	0;1;bassoon
28.448002476	0;1;bassoon
28.836460526	1;1;bassoon
29.605621524	0;1;bassoon
30.006165741	0;1;bassoon
30.390338077	0;1;bassoon
30.784034222	0;1;bassoon
31.170065968	0;1;bassoon
31.549090911	0;1;bassoon
31.924714494	0;1;bassoon
32.714192952	1;1;bassoon
33.539771183999996	1;2;cello
34.279181613999995	0;2;cello
34.682084109	0;2;cello
35.069567102	1;2;cello
35.85287776	0;2;cello
36.237889097	0;2;cello
36.628206558	0;2;cello
36.989612453	0;2;cello
37.385757578	0;2;cello
37.781948054	0;2;cello
38.169431047	0;2;cello
38.974873224	0;2;cello
39.524170277	0;0;trombone
39.724805197	0;0;trombone
41.086075038	0;0;trombone
41.291789324	0;0;trombone
42.632741705	0;0;trombone
42.830836943	0;0;trombone
43.414963927	0;0;trombone
43.610519483	0;0;trombone
44.386573905	1;0;trombone
45.17750361	1;0;trombone
45.96734488	1;1;viola
46.72888683	0;1;viola
46.932424245	0;1;viola
47.130519483	0;1;viola
47.526709959	1;1;viola
48.293694086	0;1;viola
48.504487737	0;1;viola
48.694963927	0;1;viola
49.275825605	0;0;tuba
49.66766234	0;0;tuba
50.05659658	0;0;tuba
50.448433315	0;0;tuba
50.828660072	0;0;tuba
51.223399301	0;0;tuba
51.609431047	0;0;tuba
51.809703156	0;0;tuba
52.201539891	1;1;violin
52.972152136	0;1;violin
53.181131728	0;1;violin
53.385099982	0;1;violin
53.759294993	1;1;violin
54.539499075	0;1;violin
54.722356218	0;1;violin
54.911743973	0;1;violin
55.310836943	0;2;clarinet
55.677276852	0;2;clarinet
56.065485469	0;2;clarinet
56.453694086	0;2;clarinet
56.845530821	0;2;clarinet
57.255508145	0;2;clarinet
57.654601116	0;2;clarinet
58.031925379	0;2;clarinet
58.418682748	0;1;trumpet
58.812696354	0;1;trumpet
59.195825605	0;1;trumpet
59.576777986	0;1;trumpet
59.968614721	0;1;trumpet
60.360451456	0;1;trumpet
60.747934449	0;1;trumpet
61.139771184	0;1;trumpet
61.550179347	0;0;horn
61.931789324	0;0;horn
62.31782107	0;0;horn
62.711471864	0;0;horn
63.100043292	0;0;horn
63.493694086	0;0;horn
63.884805197	0;0;horn
64.278455991	0;0;horn
64.652152136	0;1;violin
65.057050095	0;1;violin
65.442356218	0;1;violin
65.843988871	0;1;violin
66.23909091099999	0;1;violin
66.63419295199999	0;1;violin
67.003172544	0;1;violin
67.195825605	0;1;violin
67.398274585	0;1;violin